2 6
0.539682539683 0.460317460317 
-0.295307282353 -0.231747247794 -0.155901797794 0.316037251618 -0.359860892647 -0.429667308824 0.118392123276 0.059276585776 0.055481036207 -0.554885577931 0.425788165517 0.513199094828 
0.935320843774 0.245663888522 0.211054769244 -0.305462227193 0.092469594212 0.247374258507 
0.245663888522 0.956230867832 0.092163790090 0.013835346753 0.142360685004 0.041047811914 
0.211054769244 0.092163790090 1.010484687889 0.012382191542 0.036490445074 0.087735904484 
-0.305462227193 0.013835346753 0.012382191542 0.855814052986 -0.162987355568 -0.078749634323 
0.092469594212 0.142360685004 0.036490445074 -0.162987355568 0.812217151224 0.081605584649 
0.247374258507 0.041047811914 0.087735904484 -0.078749634323 0.081605584649 0.794012849532 
